5989
5349
5418
60069
1617
7153
474
778
1358
919
16
920
316
590
50
1704
2959
47
1090
1580
2028
2599
923
1252
593
1258
1234
912
4027
318
3996
4886
1136
2012
367
2762
1356
2683
2396
39
2692
551
750
440
1732
3751
1250
231
17
253
6539
357
1374
1220
4878
49272
1682
2324
541
3471
587
745
5995
6016
1288
527
5618
339
2329
454
2987
2797
1517
6874
3793
1500
2174
260
349
8360
4995
1304
2
150
1221
36
5952
539
1200
858
68157
292
904
1270
2804
1206
1198
2791
11
588
293
1240
1721
1230
3949
1265
44191
509
1035
1222
4226
1968
344
555
104
161
736
8368
592
1148
1
3897
25
56367
2395
910
4896
457
1073
2542
2194
4306
59315
4011
223
597
8665
33794
58559
2000
79132
3114
1394
1291
2716
1028
7438
1393
8636
1080
1203
68954
2858
235
377
1089
924
2011
6711
5445
2115
40815
2081
6333
5816
10
2918
4034
34
4963
1097
3147
1213
1210
2355
356
1199
1625
6
1584
54286
1259
380
508
8874
2706
1196
4993
46578
1380
3408
1036
50872
165
62
2502
1961
300
337
1193
2571
1247
733
2916
4973
589
3481
586
1527
8961
32587
2628
1225
364
3671
1784
4979
111
4022
2291
648
2268
1653
1610
595
1207
3578
6377
141
1219
780
913
110
908
608
1307
899
3948
1923
1387
500
1208
2997
1197
953
7361
1573
296
21
48516
32
1278
2700
903
1214
480
1079
1246
