0.133131618759
0.133131618759
0.122541603631
0.0847201210287
0.157337367625
0.226928895613
0.0832072617247
0.164901664145
0.0771558245083
0.136157337368
0.108925869894
0.0847201210287
0.105900151286
0.189107413011
0.278366111952
0.208774583964
0.263237518911
0.246596066566
0.0801815431165
0.192133131619
0.223903177005
0.0953101361573
0.108925869894
0.102874432678
0.391830559758
0.127080181543
0.0801815431165
0.146747352496
0.111951588502
0.432677760968
0.137670196672
0.158850226929
0.195158850227
0.0786686838124
0.0907715582451
0.237518910741
0.089258698941
0.089258698941
0.139183055976
0.0953101361573
0.104387291982
0.0877458396369
0.136157337368
0.0786686838124
0.146747352496
0.089258698941
0.0847201210287
0.0937972768533
0.0937972768533
0.0862329803328
0.166414523449
0.118003025719
0.0756429652042
0.111951588502
0.118003025719
0.0771558245083
0.155824508321
0.122541603631
0.186081694402
0.0771558245083
0.0847201210287
0.0801815431165
0.0816944024206
0.0922844175492
0.104387291982
0.323751891074
0.0816944024206
0.0801815431165
0.139183055976
0.0801815431165
0.111951588502
0.122541603631
0.0968229954614
0.134644478064
0.130105900151
0.0756429652042
0.0998487140696
0.373676248109
0.11497730711
0.0832072617247
0.142208774584
0.0983358547655
0.0771558245083
0.228441754917
0.180030257186
0.119515885023
0.232980332829
0.0877458396369
0.151285930408
0.28139183056
0.0801815431165
0.0771558245083
0.128593040847
0.270801815431
0.089258698941
0.1482602118
0.299546142209
0.118003025719
0.0801815431165
0.202723146747
0.169440242057
0.187594553707
0.131618759455
0.0953101361573
0.0862329803328
0.192133131619
0.0968229954614
0.0786686838124
0.0862329803328
0.130105900151
0.178517397882
0.1482602118
0.089258698941
0.0816944024206
0.0771558245083
0.0877458396369
0.101361573374
0.0922844175492
0.142208774584
0.0937972768533
0.275340393343
0.113464447806
0.104387291982
0.089258698941
0.0816944024206
0.0756429652042
0.113464447806
0.251134644478
0.149773071104
0.0953101361573
0.0968229954614
0.20726172466
0.0983358547655
0.121028744327
0.130105900151
0.0983358547655
0.089258698941
0.133131618759
0.157337367625
0.0937972768533
0.14069591528
0.1482602118
0.0816944024206
0.175491679274
0.157337367625
0.0862329803328
0.116490166415
0.111951588502
0.0953101361573
0.110438729198
0.0968229954614
0.0801815431165
0.293494704992
0.0907715582451
0.164901664145
0.170953101362
0.139183055976
0.0877458396369
0.0998487140696
0.128593040847
0.110438729198
0.0771558245083
0.0756429652042
0.089258698941
0.0816944024206
0.0983358547655
0.166414523449
0.0847201210287
0.143721633888
0.160363086233
0.170953101362
0.119515885023
0.169440242057
0.269288956127
0.111951588502
0.413010590015
0.0786686838124
0.089258698941
0.110438729198
0.0998487140696
0.0771558245083
0.146747352496
0.172465960666
0.0847201210287
0.0877458396369
0.0922844175492
0.304084720121
0.25567322239
0.0968229954614
0.0756429652042
0.0847201210287
0.175491679274
0.0771558245083
0.118003025719
0.0862329803328
0.127080181543
0.146747352496
0.0922844175492
0.0922844175492
0.187594553707
0.331316187595
0.113464447806
0.134644478064
0.0968229954614
0.164901664145
0.279878971256
0.104387291982
0.0786686838124
0.127080181543
0.152798789713
0.102874432678
0.0983358547655
0.130105900151
0.204236006051
0.0756429652042
0.105900151286
0.0786686838124
0.157337367625
0.089258698941
0.102874432678
0.1482602118
0.0832072617247
0.0937972768533
0.113464447806
0.17397881997
0.105900151286
0.187594553707
0.145234493192
0.0862329803328
0.101361573374
0.195158850227
0.0847201210287
0.25567322239
0.116490166415
0.295007564297
0.0968229954614
0.0786686838124
0.0862329803328
0.122541603631
0.119515885023
0.131618759455
0.145234493192
0.152798789713
0.216338880484
0.0907715582451
0.143721633888
0.0816944024206
0.406959152799
0.0832072617247
0.11497730711
0.2223903177
0.0968229954614
0.0756429652042
0.0937972768533
0.154311649017
0.263237518911
0.102874432678
0.104387291982
