0.025275425316645433
0.05053211421719254
0.09488121112193659
0.010080191860900848
0.30062579629768416
0.02021659297009668
0.027748632241624823
0.058626245971670536
0.018530315521247096
0.19789402683054785
0.1898373679082665
0.2062879412425991
0.08425766319418422
0.09675485273176947
0.013546428839091658
0.018867571011017013
0.01555122536161283
0.016113317844562693
0.1480551600089935
0.15339503859701717
0.05935696619950536
0.09516225736341152
0.154013340328262
0.2077119088660721
0.03205800794424043
0.031083714307127332
0.013715056583976617
0.1412163681331035
0.1276512028779135
0.13891178895300907
0.06550251067975718
0.04260661020759949
0.11447950236078842
0.13595143520947314
0.07953608633740539
0.03636738364685603
0.08748032676309675
0.07755002623098253
0.08330210597316945
0.0701491418721427
0.08575657648205051
0.03383796747358166
0.09604286892003297
0.017087611481675785
0.0535112043768268
0.01309675485273177
0.009799145619425915
0.032657573259386945
0.02036648429888331
0.0344562692048265
0.3546054110769692
0.34302630592820205
0.01365884733568163
0.03400659521846661
0.0970358989732444
0.08738664468260511
0.06212995578205801
0.19941167653451247
0.2438544555197482
0.1979314996627445
0.24327362662069998
0.039739938544555195
0.23358689949786404
0.2563329086412351
0.14423293112493443
0.2500374728321967
0.258318968747658
0.01800569587049389
0.01673161957580754
0.0452859177096605
0.01916735366859027
0.05555347373154463
0.1263396537510305
0.015738589522596116
0.0267556021884134
0.010979539833620626
0.07794349096904744
0.021022258862324814
0.021209623023308102
0.12324814509480626
0.03035299407929251
0.02604361837667691
0.06775088061155662
0.05060705988158585
0.014501986060106423
0.05598441130180619
0.03069024956906243
0.06938094881211122
0.010305028854080791
0.03644232931124934
0.052836693397286964
0.06042494191711009
0.0444427789852357
0.11168777636213745
0.027692422993329836
0.050119913063029306
0.05349246796072847
0.016150790676759348
0.08956006895001124
0.02295210972045267
0.0152701791201379
0.014932923630367982
0.03344450273551675
0.010679757176047366
0.021172150191111443
0.04382447725399086
0.22650453421269579
0.009424417297459343
0.03273251892378026
0.020441429963276626
0.037173049539084166
0.19240425691373755
0.06139923555422319
0.10278797871543131
0.1284381323540433
0.027411376751854906
0.10419320992280597
0.017106347897774113
0.009630517874540959
0.06587723900172375
0.05116915236453571
0.14353968372929626
0.013771265832271604
0.021303305103799745
0.0247320692497939
0.011110694746308925
0.010792175672637338
0.024488495840515625
0.009405680881361013
0.03346323915161508
0.025837517799595294
0.041932099228059655
0.01017387394139249
0.009780409203327588
0.07204151989807389
0.01047365659896575
0.0814472007794349
0.06833170951060481
0.037847560518624
0.07886157535786555
0.0629730945064828
0.016769092408004196
0.020403957131079967
0.017649703964625646
0.011878887806340404
0.19596417597242
0.02441355017612231
0.1671288315970921
0.1433710559844113
0.03215169002473207
0.009555572210147642
0.1683654350595818
0.0190549351720003
0.027017912013790002
0.07462714531964326
0.15142771490669266
0.04140747957730645
0.039215318893802
0.019729446151540132
0.027823577906018138
0.16394364086037622
0.01279697219515851
0.1294124259911564
0.03305103799745185
0.06404107022408753
0.07365285168253016
0.10968297983961628
0.1143296110320018
0.02907891778460616
0.0612118713932399
0.11691523645357116
0.0968485348122611
0.04464887956231732
0.06078093382297834
0.015869744435284418
0.10996402608109121
0.09533088510829649
0.014033575657648205
0.04262534662369782
0.01613205426066102
0.0590571835419321
0.03267630967548527
0.010080191860900848
0.030596567488570786
0.023514202203402532
0.06587723900172375
0.0758262759499363
0.03501836168777636
0.009555572210147642
0.0436558495091059
0.06154912688300982
0.016057108596267706
0.019748182567638464
0.07013040545604436
0.0113542681555872
0.04056434085288166
0.040358240275800046
0.025181743236153787
0.026118564041070224
0.03149591546129057
0.025556471558120363
0.010342501686277449
0.06119313497714157
0.027748632241624823
0.04536086337405381
0.03531814434534962
0.012028779135127033
0.02836693397286967
0.07123585400584576
0.029285018361687776
0.14189087911264334
0.01691898373679083
0.10987034400059957
0.022371280821404483
0.017349921307052388
0.11344899947538035
0.0401334032826201
0.0800044967398636
0.02458217792100727
0.05195608184066552
0.09890954058307727
0.01279697219515851
0.009649254290639286
0.010604811511654051
0.05028854080791426
0.11159409428164581
0.04436783332084239
0.009724199955032601
0.034231432211646554
0.059881585850258566
0.16373754028329462
0.08412650828149591
0.027879787154313124
0.17201903619875591
0.03795997901521397
0.026530765195233456
0.10423068275500262
0.02967848309975268
0.012890654275650153
0.05922581128681706
0.015382597616727871
0.040939069174848235
0.017837068125608934
0.017986959454395563
0.055722101476429586
0.11071348272502436
0.0479652252117215
0.041988308476354645
0.023158210297534287
0.03929026455819531
0.03543056284193959
0.16844038072397513
0.02602488196057858
0.25897474331109943
0.016038372180169378
0.02808588773139474
0.012909390691748483
0.13561417971970322
0.012291088960503635
0.013021809188338455
0.011223113242898899
0.027692422993329836
0.07792475455294912
0.011935097054635389
0.07039271528142096
0.08693697069624522
0.08980364235928952
0.06464063553923406
0.08459491868395413
0.04642883909165855
0.023682829948287493
0.013546428839091658
0.0593194933673087
0.021209623023308102
0.06971820430188114
0.040508131604586675
0.01452072247620475
0.022371280821404483
0.06647680431687027
0.021247095855504758
0.014614404556696395
0.05216218241774713
0.01105448549801394
0.013471483174698344
0.03340702990332009
0.030915086562242376
0.009461890129656
0.0152701791201379
0.016094581428464365
0.021434460016488046
0.03411901371505659
0.021059731694521473
0.1771715506257963
0.04266281945589448
0.06731994304129506
0.023495465787304205
0.010623547927752379
0.01512028779135127
0.015045342126957956
0.037416622948362434
0.0210784681106198
0.06632691298808364
0.08506332908641236
0.06100577081615829
0.10698493592145694
0.02997826575732594
0.03550550850633291
0.017218766394364086
0.05075695121037248
0.0888855579704714
0.01352769242299333
0.01163531439706213
0.12714531964325865
0.030484148991980813
0.017068875065577457
0.18477853556171775
0.03099003222663569
0.08817357415873492
0.07473956381623323
0.0231020010492393
0.058495091058982235
0.04406805066326913
0.10063329086412351
0.023214419545829274
0.04110769691973319
0.009686727122835944
0.015064078543056284
0.03387544030577831
0.01815558719928052
0.028610507382147942
0.060312523420520125
0.009855354867720902
0.09639886082590123
0.019392190661770215
0.010155137525294162
0.010586075095555722
0.044330360488645734
0.02533163456494042
0.02806715131529641
0.02645581953084014
0.013471483174698344
0.037885033350820656
0.014202203402533163
0.022446226485797798
0.01163531439706213
0.02876039871093457
0.061455444802518175
0.01206625196732369
0.024207449599040694
0.021715506257962976
0.048152589372704786
0.034568687701416474
0.013452746758600014
0.04196957206025632
0.016900247320692497
0.10194483999100652
0.010267556021884134
0.030053211421719253
0.039646256464063556
0.010117664693097505
0.02268979989507607
0.010005246196507531
0.010829648504833995
0.028591770966049614
0.08142846436333658
0.041501161657798095
0.03035299407929251
0.032507681930600316
0.03715431312298584
0.014089784905943191
0.011279322491193884
0.01047365659896575
0.013471483174698344
0.023027055384845986
0.013078018436633441
0.012759499362961852
0.010211346773589147
0.048920782432736266
0.010885857753128982
0.08502585625421569
0.011747732893652102
0.05176871767968223
0.05596567488570786
0.040639286517274976
0.026568238027430115
0.03252641834669864
0.017837068125608934
0.0268867571011017
0.014483249644008094
0.04579180094431537
0.03314472007794349
0.026230982537660198
0.01847410627295211
0.021040995278423142
0.03263883684328862
0.02021659297009668
0.09169602038522072
0.05568462864423293
0.07627594993629619
0.012909390691748483
0.020272802218391665
0.05813909915311399
0.010960803417522296
0.01017387394139249
0.04785280671513153
0.0894101776212246
0.017930750206100576
0.010923330585325639
0.012871917859551826
0.0187926253466237
0.023870194109270777
0.028160833395788055
0.017518549051937345
0.1439518848834595
0.10183242149441654
0.017462339803642358
0.08759274525968673
0.01395862999325489
0.04367458592520423
0.010361238102375778
0.013827475080566589
0.021134677358914788
0.01630068200554598
0.01598216293187439
0.06400359739189088
0.03842838941767219
0.016244472757250994
0.03338829348722176
0.05710859626770591
0.036404856479052686
0.01585100801918609
0.04146368882560144
0.01588848085138275
0.01045492018286742
0.009986509780409204
0.014801768717679683
0.022090234579929553
0.011073221914112268
0.02313947388143596
0.018436633440755454
0.033519448399910064
0.018136850783182192
0.017799595293412275
0.031795698118863826
0.030915086562242376
0.02965974668365435
0.10005246196507532
0.06709510604811511
0.046241474930675264
0.04196957206025632
0.093251142921382
0.01759349471633066
0.07372779734692347
0.07367158809862849
0.06458442629093906
0.017237502810462414
0.05309900322266357
0.07200404706587724
0.010042719028704189
0.03271378250768193
0.030034475005620925
0.026942966349396687
0.04344974893202428
0.038597017162557146
0.04230682755002623
0.020591321292063255
0.036685902720527616
0.015626171026006146
0.02720527617477329
0.03743535936446077
0.024244922431237353
0.07758749906317919
0.1331971820430188
0.028535561717754628
0.11174398561043243
0.08693697069624522
0.028610507382147942
0.07425241699767668
0.028591770966049614
0.03737915011616578
0.04032076744360339
0.0437870044217942
0.01645057333433261
0.035261935097054636
0.021902870418946264
0.03691073971370756
0.015495016113317845
0.04140747957730645
0.013134227684928427
0.1625009368208049
0.010810912088735667
0.044405306153039045
0.02268979989507607
0.10730345499512853
0.009630517874540959
0.01641310050213595
0.05435434310125159
0.019148617252491944
0.03069024956906243
0.040583077268979986
0.07552649329236304
0.015532488945514502
0.01322790976542007
0.009649254290639286
0.01019261035749082
0.026942966349396687
0.018118114367083864
0.015326388368432886
0.01512028779135127
0.011017012665817283
0.009705463538934273
0.012684553698568538
0.0133778010942067
0.01697519298508581
0.0685190736715881
0.011223113242898899
0.009836618451622573
0.012815708611256839
0.02300831896874766
0.03983362062504684
0.020029228809113394
0.016019635764071047
0.011466686652177172
0.02090984036573484
0.04200704489245297
0.014127257738139849
0.014333358315221464
0.010942067001423968
0.01045492018286742
0.010211346773589147
0.029903320092932624
0.03730420445177247
0.02600614554448025
0.017181293562167427
0.014932923630367982
0.009930300532114217
0.009368208049164356
0.020834894701341526
0.04217567263733793
0.04331859401933598
0.02572509930300532
0.010848384920932324
0.014427040395713108
0.01339653751030503
0.018586524769542083
0.013546428839091658
0.019092408004196957
0.04286892003297609
0.040583077268979986
0.052124709585550474
0.01613205426066102
0.030615303904669114
0.02441355017612231
0.020441429963276626
0.027861050738214793
0.01292812710784681
0.011223113242898899
0.015101551375252941
0.03636738364685603
0.043281121187139324
0.017780858877313947
0.0095930450423443
0.03070898598516076
0.02744884958405156
0.02748632241624822
0.024076294686352393
0.019429663493966874
0.028966499288016187
0.016506782582627597
0.023457992955107546
0.016488046166529265
0.021865397586749605
0.023757775612680807
0.021040995278423142
0.02195907966724125
0.024113767518549052
0.031158659971520647
0.010155137525294162
0.013771265832271604
0.011429213819980515
0.014220939818631493
0.022558644982387768
0.012834445027355168
0.01658172824702091
0.044405306153039045
0.020329011466686652
0.02229633515701117
0.02997826575732594
0.010248819605785804
0.019841864648130106
0.04590421944090534
0.037885033350820656
0.018998725923705315
0.012759499362961852
0.01686277448849584
0.02267106347897774
0.01684403807239751
0.02997826575732594
0.03042793974368583
0.011298058907292213
0.027111594094281644
0.027092857678183316
0.10400584576182267
0.026512028779135128
0.05585325638911789
0.02703664842988833
0.060593569661995056
0.0760885857753129
0.06668290489395189
0.060874615903469986
0.06628944015588698
0.02531289814884209
0.024638387169302257
0.05409203327587499
0.024226186015139026
0.03558045417072622
0.013134227684928427
0.051056733867945736
0.04101401483924155
0.019991755976916735
0.029997002173424266
0.01264708086637188
0.031664543206175524
0.02075994903694821
0.019017462339803642
0.029303754777786104
0.011241849658997227
0.012684553698568538
0.03468110619800645
0.014389567563516451
0.010698493592145695
0.014333358315221464
0.022483699317994453
0.009874091283819232
0.009630517874540959
0.01512028779135127
0.06029378700442179
0.016806565240200855
0.05323015813535187
0.030915086562242376
0.040376976691898374
0.04273776512028779
0.03233905418571536
0.026418346698643482
0.013209173349321741
0.010661020759949036
0.016937720152889156
0.02937870044217942
0.015345124784531214
0.08142846436333658
0.027898523570411452
0.010960803417522296
0.010923330585325639
0.07666941467436109
0.06439706212995579
0.0227085363111744
0.013040545604436782
0.013752529416173274
0.02416997676684404
0.026549501611331783
0.013733793000074946
0.05038222288840591
0.03998351195383347
0.023083264633140973
0.013921157161058233
0.012141197631717005
0.03069024956906243
0.0248632241624822
0.009480626545754328
0.011560368732668816
0.013939893577156562
0.03361313048040171
0.009930300532114217
0.026849284268905045
0.010248819605785804
0.01759349471633066
0.04101401483924155
0.013565165255189988
0.009967773364310874
0.05025106797571761
0.01959829123885183
0.021902870418946264
0.01365884733568163
0.023364310874615903
0.013715056583976617
0.07039271528142096
0.06672037772614854
0.017125084313872444
0.09075919958030428
0.0651277823577906
0.014708086637188039
0.00989282769991756
0.05306153039046691
0.047515551225361614
0.05396087836318669
0.043281121187139324
0.022090234579929553
0.04133253391291314
0.018680206850033725
0.04056434085288166
0.01669414674361088
0.036760848384920934
0.016787828824102527
0.019279772165180245
0.026305928202053512
0.011916360638537061
0.018942516675410328
0.014014839241549877
0.011616577980963801
0.010080191860900848
0.01691898373679083
0.07822453721052237
0.016188263508956007
0.022970846136551
0.0556658922281346
0.011522895900472157
0.05199355467286217
0.024113767518549052
0.02135951435209473
0.02240875365360114
0.022127707412126208
0.03475605186239976
0.0347185790302031
0.01120437682680057
0.03239526343401034
0.020928576781833172
0.0358240275800045
0.021621824177471334
0.010698493592145695
0.019373454245671887
0.02587499063179195
0.07560143895675635
0.01772464962901896
0.016900247320692497
0.011373004571685528
0.020310275050588324
0.01570111669039946
0.013246646181518398
0.02445102300831897
0.014651877388893052
0.010923330585325639
0.010136401109195833
0.05158135351869894
0.02780484148991981
0.010267556021884134
0.032076744360338756
0.01600089934797272
0.010005246196507531
0.01047365659896575
0.01691898373679083
0.01720002997826576
0.023495465787304205
0.029153863448999475
0.014033575657648205
0.02006670164131005
0.01757475830023233
0.01800569587049389
0.043543431012515926
0.02911639061680282
0.02488196057858053
0.012122461215618677
0.021771715506257963
0.013808738664468261
0.010586075095555722
0.013359064678108372
0.04549201828674211
0.025537735142022035
0.023308101626320916
0.013546428839091658
0.013846211496664918
0.009817882035524245
0.01206625196732369
0.019148617252491944
0.012497189537585251
0.016019635764071047
0.025125533987858804
0.010436183766769093
0.024113767518549052
0.015382597616727871
0.020722476204751556
0.009724199955032601
0.01045492018286742
0.017818331709510606
0.014483249644008094
0.0187926253466237
0.009967773364310874
0.011710260061455445
0.010230083189687477
0.014220939818631493
0.011129431162407255
0.015195233455744585
0.05890729221314547
0.047740388218541555
0.021603087761373006
0.014089784905943191
0.01720002997826576
0.009780409203327588
0.026268455369856853
0.03443753278872817
0.021003522446226486
0.01556996177771116
0.010623547927752379
0.014651877388893052
0.013733793000074946
0.023158210297534287
0.053529940792925126
0.02167803342576632
0.033500711983811736
0.017349921307052388
0.07764370831147419
0.020010492393015063
0.0095930450423443
0.021059731694521473
0.028816607959229558
0.023233155961927602
0.011073221914112268
0.023720302780484148
0.038953009068425394
0.010117664693097505
0.014895450798171325
0.009686727122835944
0.02716780334257663
0.011935097054635389
0.012178670463913662
0.023720302780484148
0.010810912088735667
0.04929551075470284
0.01468935022108971
0.013302855429813385
0.046466311923855204
0.010567338679457394
0.01626320917334932
0.01482050513377801
0.02180918833845462
0.044836243723300605
0.012778235779060182
0.014614404556696395
0.014651877388893052
0.06492168178070899
0.015944690099677732
0.047309450648279995
0.0152701791201379
0.014352094731319794
0.015438806865022858
0.024038821854155738
0.013415273926403357
0.0347185790302031
0.025181743236153787
0.04967023907666941
0.04382447725399086
0.029191336281196134
0.03606760098928277
0.04762796972195159
0.024376077343925655
0.05094431537135577
0.018268005695870494
0.06265457543281121
0.03507457093607135
0.013808738664468261
0.01851157910514877
0.03113992355542232
0.016544255414824252
0.016113317844562693
0.054522970846136554
0.010042719028704189
0.012122461215618677
0.015307651952334557
0.02645581953084014
0.03807239751180394
0.050400959304504236
0.014501986060106423
0.01987933748032676
0.015345124784531214
0.011073221914112268
0.017237502810462414
0.01643183691823428
0.010567338679457394
0.01221614329611032
0.01815558719928052
0.0172937120587574
0.013640110919583302
0.034568687701416474
0.011447950236078842
0.021322041519898072
0.04148242524169977
0.014033575657648205
0.020741212620849884
0.029622273851457694
0.03175822528666716
0.06533388293487222
0.028310724724574684
0.01047365659896575
0.009686727122835944
0.013452746758600014
0.04305628419395938
0.036985685378100874
0.023439256539009218
0.025518998725923704
0.02731769467136326
0.012159934047815334
0.018118114367083864
0.01045492018286742
0.013921157161058233
0.014277149066926478
0.02165929700966799
0.014314621899123135
0.012572135201978566
0.04635389342726523
0.013733793000074946
0.016356891253840964
0.01234729820879862
0.02664318369182343
0.02239001723750281
0.00961178145844263
0.020591321292063255
0.01598216293187439
0.011710260061455445
0.011803942141947089
0.02413250393464738
0.015794798770891103
0.06411601588848086
0.010398710934572435
0.01397736640935322
0.009424417297459343
0.0225773813984861
0.019429663493966874
0.010305028854080791
0.0209473131979315
0.02139698718429139
0.014127257738139849
0.04682230382972345
0.038746908491343775
0.009930300532114217
0.048639736191261336
0.024994379075170502
0.013846211496664918
0.015307651952334557
0.011991306302930375
0.012159934047815334
0.015944690099677732
0.020460166379374953
0.011616577980963801
0.015232706287941242
0.01425841265082815
0.04225061830173125
0.011579105148767144
0.015495016113317845
0.028835344375327886
0.012403507457093607
0.02179045192235629
0.011298058907292213
0.009836618451622573
0.013471483174698344
0.010867121337030652
0.019279772165180245
0.01641310050213595
0.05326763096754853
0.014333358315221464
0.018249269279772166
0.02194034325114292
0.011672787229258788
0.05000749456643933
0.03353818481600839
0.010623547927752379
0.014033575657648205
0.012590871618076893
0.010042719028704189
0.010080191860900848
0.011803942141947089
0.012478453121486922
0.011710260061455445
0.019261035749081917
0.01133553173948887
0.00961178145844263
0.015326388368432886
0.026699392940118413
0.015776062354792775
0.011822678558045417
0.03097129581053736
0.013134227684928427
0.021340777935996404
0.011972569886832046
0.012122461215618677
0.025987409128381923
0.009386944465262684
0.010117664693097505
0.013190436933223413
0.010417447350670763
0.02019785655399835
0.009386944465262684
0.014277149066926478
0.009649254290639286
0.10340628044667616
0.010829648504833995
0.01120437682680057
0.013827475080566589
0.04196957206025632
0.016356891253840964
0.017424866971445702
0.014726823053286367
0.017106347897774113
0.021115940942816457
0.0317769617027655
0.039234055309900324
0.026849284268905045
0.010379974518474106
0.010923330585325639
0.018136850783182192
0.011185640410702241
0.009386944465262684
0.04131379749681481
0.010960803417522296
0.06404107022408753
0.030371730495390842
0.021752979090159635
0.013846211496664918
0.010998276249718953
0.05999400434684853
0.01978565539983512
0.011017012665817283
0.012815708611256839
0.08002323315596192
0.014576931724499738
0.028685453046541257
0.04011466686652177
0.02398261260586075
0.038315970921082215
0.016225736341152663
0.03099003222663569
0.03239526343401034
0.014932923630367982
0.041220115416323165
0.02980963801244098
0.03284493742037023
0.010698493592145695
0.039383946638686954
0.011410477403882185
0.014483249644008094
0.02602488196057858
0.024844487746383873
0.010998276249718953
0.011316795323390541
0.013771265832271604
0.009930300532114217
0.02600614554448025
0.011091958330210597
0.029603537435359366
0.03475605186239976
0.013021809188338455
0.013078018436633441
0.04118264258412651
0.08066027130330511
0.025181743236153787
0.017518549051937345
0.012178670463913662
0.01512028779135127
0.01105448549801394
0.013134227684928427
0.010417447350670763
0.02023532938619501
0.01757475830023233
0.014445776811811436
0.017799595293412275
0.01019261035749082
0.021003522446226486
0.022596117814584427
0.025369107397137075
0.010810912088735667
0.020422693547178294
0.01817432361537885
0.018680206850033725
0.029772165180244323
0.010548602263359064
0.018549051937345424
0.01423967623472982
0.01163531439706213
0.01294686352394514
0.012890654275650153
0.0210784681106198
0.015944690099677732
0.0152701791201379
0.04131379749681481
0.011541632316570486
0.01847410627295211
0.011091958330210597
0.027617477328936522
0.025800044967398635
0.02328936521022259
0.022427490069699466
0.01613205426066102
0.02137825076819306
0.012853181443453496
0.016094581428464365
0.03734167728396912
0.027654950161133177
0.025668890054710337
0.012047515551225362
0.026811811436708386
0.021209623023308102
0.017855804541707262
0.030334257663194183
0.011654050813160458
0.017181293562167427
0.011953833470733718
0.010098928276999175
0.010379974518474106
0.012010042719028705
0.019148617252491944
0.012178670463913662
0.027261485423068277
0.011541632316570486
0.010286292437982463
0.01963576407104849
0.011822678558045417
0.010960803417522296
0.009855354867720902
0.012722026530765195
0.04234430038222289
0.011803942141947089
0.010080191860900848
0.016338154837742636
0.016094581428464365
0.01922356291688526
0.010661020759949036
0.009667990706737616
0.015757325938694448
0.00961178145844263
0.009874091283819232
0.022015288915536235
0.023757775612680807
0.010848384920932324
0.015195233455744585
0.00961178145844263
0.02587499063179195
0.010005246196507531
0.010042719028704189
0.017986959454395563
0.017087611481675785
0.013115491268830099
0.04839616278198306
0.01322790976542007
0.026718129356216744
0.013696320167878289
0.020403957131079967
0.009424417297459343
0.011616577980963801
0.009930300532114217
0.026942966349396687
0.01077343925653901
0.022633590646781082
0.009649254290639286
0.017087611481675785
0.011241849658997227
0.01150415948437383
0.04303754777786105
0.012478453121486922
0.019092408004196957
0.029603537435359366
0.015157760623547928
0.010117664693097505
0.052180918833845465
0.023439256539009218
0.027092857678183316
0.01075470284044068
0.05529116390616803
0.010342501686277449
0.016488046166529265
0.009649254290639286
0.011522895900472157
0.009930300532114217
0.011935097054635389
0.011522895900472157
0.0305403582402758
0.021022258862324814
0.01588848085138275
0.019298508581278573
0.01266581728247021
0.016750355991905868
0.017687176796822305
0.01598216293187439
0.0227085363111744
0.032301581353518696
0.013078018436633441
0.010979539833620626
0.009405680881361013
0.034512478453121484
0.015513752529416173
0.014708086637188039
0.012309825376601963
0.011148167578505584
0.03563666341902121
0.01684403807239751
0.07676309675485272
0.0152701791201379
0.01864273401783707
0.010005246196507531
0.010511129431162407
0.009986509780409204
0.01236603462489695
0.014501986060106423
0.011916360638537061
0.010117664693097505
0.013602638087386645
0.012834445027355168
0.012572135201978566
0.01292812710784681
0.01733118489095406
0.02561268080641535
0.017256239226560742
0.023064528217042645
0.028685453046541257
0.027879787154313124
0.013078018436633441
0.01339653751030503
0.009386944465262684
0.017986959454395563
0.013864947912763246
0.010923330585325639
0.018380424192460467
0.027729895825526492
0.014726823053286367
0.018717679682230384
0.010998276249718953
0.021603087761373006
0.018717679682230384
0.03198306227984711
0.01776212246121562
0.010942067001423968
0.011298058907292213
0.015157760623547928
0.01103574908191561
0.01581353518698943
0.016488046166529265
0.013021809188338455
0.013864947912763246
0.017274975642659073
0.009368208049164356
0.020966049614029827
0.013021809188338455
0.014970396462564642
0.011897624222438731
0.04187588997976467
0.011710260061455445
0.021003522446226486
0.0187926253466237
0.009424417297459343
0.01890504384321367
0.009855354867720902
0.017462339803642358
0.010529865847260737
0.01922356291688526
0.022727272727272728
0.040658022933373304
0.010230083189687477
0.014089784905943191
0.019542081990556848
0.010604811511654051
0.01002398261260586
0.035411826425841265
0.017218766394364086
0.01019261035749082
0.03692947612980589
0.032226635689125385
0.026586974443528442
0.020460166379374953
0.011429213819980515
0.013209173349321741
0.019373454245671887
0.01613205426066102
0.016375627669939295
0.017125084313872444
0.01789327737390392
0.013284119013715057
0.018923780259312
0.018136850783182192
0.031364760548602266
0.02979090159634265
0.029622273851457694
0.009405680881361013
0.009855354867720902
0.03631117439856104
0.02075994903694821
0.014651877388893052
0.0133778010942067
0.029303754777786104
0.013059282020535112
0.012478453121486922
0.014651877388893052
0.012684553698568538
0.011166903994603912
0.013059282020535112
0.010155137525294162
0.012853181443453496
0.017106347897774113
0.017068875065577457
0.014483249644008094
0.024113767518549052
0.015438806865022858
0.012047515551225362
0.018942516675410328
0.015776062354792775
0.00944315371355767
0.01453945889230308
0.01279697219515851
0.016150790676759348
0.02454470508881061
0.012478453121486922
0.009424417297459343
0.016656673911414226
0.012440980289290264
0.013171700517125084
0.00974293637113093
0.009761672787229258
0.016675410327512553
0.013265382597616728
0.011897624222438731
0.013171700517125084
0.010623547927752379
0.037416622948362434
0.020310275050588324
0.009986509780409204
0.013115491268830099
0.009386944465262684
0.010810912088735667
0.013265382597616728
0.018830098178820354
0.01864273401783707
0.022277598740912837
0.014108521322041519
0.02079742186914487
0.014932923630367982
0.010567338679457394
0.03288241025256689
0.03232031776961703
0.029584801019261035
0.030165629918309227
0.027992205650903094
0.01684403807239751
0.012122461215618677
0.010810912088735667
0.017743386045117288
0.019392190661770215
0.010998276249718953
0.012965599940043468
0.01800569587049389
0.010623547927752379
0.009705463538934273
0.022521172150191112
0.011298058907292213
0.009630517874540959
0.010342501686277449
0.011166903994603912
0.016375627669939295
0.009817882035524245
0.01598216293187439
0.009499362961852657
0.010436183766769093
0.011916360638537061
0.02150940568088136
0.011241849658997227
0.009424417297459343
0.01616952709285768
0.011148167578505584
0.009499362961852657
0.011391740987783857
0.010061455444802518
0.01423967623472982
0.014914187214269655
0.011298058907292213
0.019523345574458516
0.013302855429813385
0.04901446451322791
0.029341227609982763
0.011185640410702241
0.01453945889230308
0.011691523645357116
0.02445102300831897
0.01292812710784681
0.011073221914112268
0.010867121337030652
0.009986509780409204
0.01890504384321367
0.010848384920932324
0.010735966424342352
0.013302855429813385
0.01047365659896575
0.023532938619500864
0.020891103949636513
0.01045492018286742
0.010398710934572435
0.013696320167878289
0.013078018436633441
0.01613205426066102
0.023589147867795847
0.011803942141947089
0.02165929700966799
0.016394364086037623
0.02964101026755602
0.016394364086037623
0.017218766394364086
0.02034774788278498
0.014670613804991382
0.009424417297459343
0.010604811511654051
0.014633140972794724
0.017818331709510606
0.018249269279772166
0.013565165255189988
0.012422243873191937
0.015232706287941242
0.009499362961852657
0.009480626545754328
0.023532938619500864
0.014708086637188039
0.01208498838342202
0.010698493592145695
0.011953833470733718
0.009686727122835944
0.01002398261260586
0.030090684253915912
0.019991755976916735
0.013171700517125084
0.019617027654950162
0.010810912088735667
0.009405680881361013
0.010623547927752379
0.010342501686277449
0.011803942141947089
0.013284119013715057
0.01236603462489695
0.01482050513377801
0.03007194783781758
0.017687176796822305
0.014033575657648205
0.011373004571685528
0.011241849658997227
0.02400134902195908
0.009817882035524245
0.01017387394139249
0.013284119013715057
0.013621374503484973
0.010005246196507531
0.011841414974143746
0.01322790976542007
0.015195233455744585
0.014801768717679683
0.013190436933223413
0.013808738664468261
0.011279322491193884
0.012328561792700293
0.016506782582627597
0.023083264633140973
0.009461890129656
0.012628344450273552
0.014576931724499738
0.018436633440755454
0.011017012665817283
0.03314472007794349
0.018811361762722027
0.026062354792775237
0.010398710934572435
0.01264708086637188
0.018698943266132053
0.018549051937345424
0.01049239301506408
0.015513752529416173
0.012703290114666867
0.009536835794049315
0.009574308626245972
0.030727722401259087
0.014726823053286367
0.01292812710784681
0.013152964101026756
0.01292812710784681
0.016356891253840964
0.021846661170651278
0.009836618451622573
0.01916735366859027
0.013284119013715057
0.036892003297609235
0.014801768717679683
0.01234729820879862
0.013359064678108372
0.011129431162407255
0.03975867496065352
0.01641310050213595
0.017743386045117288
0.013415273926403357
0.012515925953683579
0.010810912088735667
0.017087611481675785
0.02036648429888331
0.0133778010942067
0.018979989507606983
0.019467136326163533
0.010529865847260737
0.020329011466686652
0.013434010342501686
0.014052312073746534
0.010211346773589147
0.013340328262010042
0.016825301656299183
0.015082814959154613
0.012234879712208649
0.013883684328861575
0.012778235779060182
0.01266581728247021
0.015007869294761299
0.009817882035524245
0.014389567563516451
0.01047365659896575
0.010417447350670763
0.011841414974143746
0.011616577980963801
0.010567338679457394
0.015232706287941242
0.024619650753203926
0.014127257738139849
0.009930300532114217
0.011841414974143746
0.01828674211196882
0.010679757176047366
0.013284119013715057
0.011841414974143746
0.013415273926403357
0.013040545604436782
0.012384771040995278
0.0133778010942067
0.01772464962901896
0.014726823053286367
0.009667990706737616
0.013471483174698344
0.009630517874540959
0.01425841265082815
0.011073221914112268
0.011747732893652102
0.009480626545754328
0.013078018436633441
0.024919433410777188
0.02137825076819306
0.01669414674361088
0.013715056583976617
0.015401334032826201
0.009405680881361013
0.015794798770891103
0.012834445027355168
0.012497189537585251
0.01757475830023233
0.019410927077868546
0.009368208049164356
0.016937720152889156
0.024657123585400585
0.01935471782957356
0.009630517874540959
0.014501986060106423
0.010623547927752379
0.013883684328861575
0.011897624222438731
0.010923330585325639
0.02137825076819306
0.014764295885483026
0.011728996477553773
0.014726823053286367
0.011129431162407255
0.01047365659896575
0.012684553698568538
0.012740762946863524
0.009536835794049315
0.020085438057408377
0.01264708086637188
0.034212695795548226
0.010829648504833995
0.025275425316645433
0.010305028854080791
0.011560368732668816
0.011129431162407255
0.013134227684928427
0.017050138649479126
0.00944315371355767
0.012759499362961852
0.011672787229258788
0.022483699317994453
0.00961178145844263
0.009836618451622573
0.012815708611256839
0.009574308626245972
0.015495016113317845
0.01105448549801394
0.01049239301506408
0.01875515251442704
0.016525518998725924
0.019392190661770215
0.013939893577156562
0.021771715506257963
0.010361238102375778
0.012478453121486922
0.010604811511654051
0.012759499362961852
0.010248819605785804
0.010511129431162407
0.015626171026006146
0.010117664693097505
0.01397736640935322
0.009874091283819232
0.009461890129656
0.011541632316570486
0.022165180244322867
0.014145994154238178
0.010679757176047366
0.01759349471633066
0.012028779135127033
0.016825301656299183
0.009555572210147642
0.012141197631717005
0.014164730570336506
0.01720002997826576
0.02154687851307802
0.009630517874540959
0.021434460016488046
0.012478453121486922
0.014595668140598067
0.0113542681555872
0.009705463538934273
0.01075470284044068
0.012703290114666867
0.009518099377950985
0.009874091283819232
0.015007869294761299
0.011447950236078842
0.011466686652177172
0.023364310874615903
0.012553398785880236
0.02628719178595518
0.013846211496664918
0.015401334032826201
0.012497189537585251
0.013190436933223413
0.011541632316570486
0.011185640410702241
0.0095930450423443
0.010080191860900848
0.010848384920932324
0.009780409203327588
0.01077343925653901
0.011260586075095556
0.012890654275650153
0.01075470284044068
0.010923330585325639
0.0095930450423443
0.011560368732668816
0.021884134002847937
0.009761672787229258
0.01628194558944765
0.009874091283819232
0.012609608034175223
0.010286292437982463
0.010230083189687477
0.013546428839091658
0.025968672712283595
0.01423967623472982
0.012047515551225362
0.01103574908191561
0.014726823053286367
0.011391740987783857
0.009686727122835944
0.016150790676759348
0.03095255939443903
0.011616577980963801
0.022558644982387768
0.010230083189687477
0.011541632316570486
0.010511129431162407
0.011803942141947089
0.010586075095555722
0.011410477403882185
0.015064078543056284
0.00989282769991756
0.010960803417522296
0.013003072772240125
0.015232706287941242
0.010211346773589147
0.011728996477553773
0.01660046466311924
0.02546278947762872
0.009574308626245972
0.010848384920932324
0.01105448549801394
0.01395862999325489
0.016956456568987484
0.011391740987783857
0.012422243873191937
0.00974293637113093
0.010642284343850708
0.01047365659896575
0.01120437682680057
0.011560368732668816
0.016206999925054335
0.009499362961852657
0.010248819605785804
0.020966049614029827
0.016825301656299183
0.013078018436633441
0.01630068200554598
0.009986509780409204
0.013265382597616728
0.01832421494416548
0.014745559469384696
0.009780409203327588
0.010155137525294162
0.009630517874540959
0.011672787229258788
0.01976691898373679
0.012103724799520347
0.01279697219515851
0.009986509780409204
0.009405680881361013
0.011110694746308925
0.009667990706737616
0.012272352544405306
0.015963426515776064
0.013284119013715057
0.010792175672637338
0.010005246196507531
